[
    {
        "vegobjektid": 778467676,
        "href": "https://apilesv3.utv.atlas.vegvesen.no/vegobjekter/905/778467676/3",
        "versjon": 3,
        "startdato": "2013-06-30",
        "geometri": "LINESTRING Z(271587 7039103.4 73.4, 271586.6 7039105.9 73.7, 271587.7 7039108.7 74.1, 271589.9 7039111.4 74.2, 271592.3 7039114 74.3, 271596.5 7039118.6 74.2, 271600.7 7039122.9 74, 271606.7 7039127.8 73.8, 271612.1 7039132.4 73.4, 271618.4 7039136.4 72.8, 271625.1 7039139.7 72.5, 271633 7039143 71.9, 271643.3 7039146.7 71.7, 271650.6 7039148.8 71.5, 271657.5 7039150.4 71.3, 271664.8 7039151.7 71.2, 271673.4 7039152.1 71.2, 271681.9 7039152.2 71.3, 271691.3 7039152.1 71.5, 271703.6 7039151.6 71.6, 271713.3 7039151.5 71.6, 271716.8 7039151.4 71.5, 271716.8 7039150.5 71.4, 271726.5 7039150.7 71.4, 271734.9 7039150.3 71.5, 271738.6 7039150.3 71.5)",
        "kommuner": [
            5001
        ],
        "vegkat": "K",
        "vref": "KV3550 S1D1 m0-171"
    },
    {
        "vegobjektid": 810241404,
        "href": "https://apilesv3.utv.atlas.vegvesen.no/vegobjekter/905/810241404/1",
        "versjon": 1,
        "startdato": "2017-08-04",
        "geometri": "LINESTRING Z(270433.4 7040725.2 23.4, 270431.9 7040725 23.2, 270430 7040724.7 23, 270425.4 7040724.3 22.8, 270417.5 7040723.6 22.5, 270407.6 7040722.5 22, 270388.8 7040720.5 21.4, 270374.4 7040718.9 20.9, 270360.3 7040717.3 20.5, 270351.9 7040716.4 20.1, 270339.5 7040715 19.5, 270327.1 7040713.9 19, 270316.1 7040712.6 18.5, 270303.6 7040711.3 18, 270298.8 7040710.9 17.8, 270295 7040711.4 17.6, 270293.3 7040711.7 17.6)",
        "kommuner": [
            5001
        ],
        "vegkat": "K",
        "vref": "KV6890 S1D1 m0-141"
    },
    {
        "vegobjektid": 884133710,
        "href": "https://apilesv3.utv.atlas.vegvesen.no/vegobjekter/905/884133710/1",
        "versjon": 1,
        "startdato": "2018-07-20",
        "geometri": "LINESTRING Z(275384.3 7038976.4 146.8, 275379.726 7038969.551 146.8, 275375.25 7038962.2 146.36, 275372.71 7038955.95 146.47, 275371.44 7038952.84 146.55, 275370.17 7038949.71 146.65, 275368.91 7038946.59 146.78, 275367.64 7038943.47 146.93, 275366.37 7038940.35 147.1, 275365.1 7038937.22 147.3, 275360.03 7038924.74 148.1, 275351.656 7038904.304 149.427, 275349.89 7038899.76 149.72, 275347.36 7038893.52 150.12, 275346.09 7038890.4 150.34, 275344.82 7038887.27 150.59, 275342.28 7038881.03 151.12, 275341.02 7038877.91 151.36, 275339.76 7038874.78 151.57, 275339.22 7038873.56 151.65, 275338.62 7038872.36 151.73, 275337.94 7038871.2 151.81, 275337.22 7038870.07 151.89, 275336.43 7038868.99 151.96, 275335.94 7038868.38 152.01, 275338.79 7038865.19 152.14, 275341.6 7038862.06 152.26, 275347.21 7038855.79 152.59, 275348.12 7038854.82 152.64, 275349.09 7038853.91 152.7, 275350.12 7038853.04 152.75, 275351.18 7038852.23 152.8, 275352.27 7038851.48 152.86, 275353.41 7038850.78 152.91, 275354.59 7038850.16 152.97, 275355.8 7038849.58 153.04, 275357.04 7038849.08 153.11, 275358.3 7038848.64 153.19, 275359.59 7038848.28 153.27, 275361.97 7038847.66 153, 275373 7038844.7 154.6, 275380.9 7038842.6 154.8, 275388.4 7038840.6 154.9, 275396.5 7038838.5 154.9, 275404.2 7038836.5 154.8, 275412.6 7038834.4 154.7, 275420.9 7038832.3 154.6, 275429.3 7038830.3 154.5, 275435.1 7038828.9 154.4, 275439.8 7038828.4 154.3, 275444.7 7038827.8 154.2, 275449.7 7038828 154.1, 275455.5 7038828.6 154.1, 275460.2 7038829.4 154, 275466.2 7038831 153.9, 275473.1 7038833.4 153.8, 275480.2 7038836.2 153.6, 275488.7 7038839.4 153.5, 275497.9 7038842.5 153.3, 275507.9 7038846 153.2, 275518.1 7038849.9 153.1, 275526.5 7038852.5 153, 275533.9 7038854.5 153, 275539.2 7038855.6 153, 275544 7038856.3 153.1, 275549 7038856.6 153.1, 275552.8 7038856.4 153.3, 275557.6 7038855.9 153.4, 275562.9 7038854.8 153.6, 275567.5 7038853.3 153.8, 275572.3 7038850.8 154, 275576 7038848.4 154.2, 275580 7038845.3 154.3, 275583.4 7038842.1 154.5, 275586.7 7038837.7 154.7, 275589.8 7038832.6 154.9, 275591.6 7038829.1 155.1, 275593.1 7038824.7 155.3, 275594.5 7038819.1 155.6, 275594.9 7038814.3 155.8, 275594.7 7038806.3 156.2, 275592.5 7038796.6 156.9, 275589.874 7038786.42 157.7, 275585.8 7038770.6 159, 275583.3 7038761.4 160.1, 275582.5 7038758.5 160.3, 275580.6 7038751.3 161.1, 275580.2 7038749.7 161.3, 275579.9 7038748.7 161.5, 275579.7 7038747.8 161.5, 275577.2 7038739.598 162.3, 275575.5 7038732.1 163.1, 275573.5 7038723.9 163.9, 275572 7038713.6 165, 275571.7 7038706 165.8, 275571.7 7038699.4 166.5, 275572.5 7038692.5 167, 275573 7038686.1 167.8, 275573.3 7038681.8 168, 275573.1 7038677.7 168.2, 275572.2 7038674.2 168.4, 275571.1 7038671.3 168.6, 275570.6 7038670.6 168.6, 275569.3 7038668.8 168.8, 275567.9 7038667.4 168.8, 275565.772 7038665.48 168.988)",
        "kommuner": [
            5001
        ],
        "vegkat": "K",
        "vref": "KV1821 S1D1 m0-571"
    }
]